    2 
   200 
     2 
    0.3330   0.3409 
   0.1566   0.1972 
   0.7791   0.3582 
   0.6775   0.4360 
   0.7664   0.7271 
   0.0697   0.5553 
   0.3794   0.3086 
   0.3166   0.3018 
   0.2196   0.9027 
   0.4972   0.5143 
   0.5931   0.6379 
   0.8340   0.5926 
   0.3599   0.1489 
   0.2876   0.9091 
   0.8129   0.3620 
   0.6852   0.3987 
   0.9379   0.8530 
   0.0171   0.7643 
   0.5725   0.4592 
   0.2555   0.2093 
   0.1902   0.4039 
   0.2410   0.5978 
   0.6993   0.6566 
   0.8123   0.2204 
   0.1361   0.4139 
   0.5761   0.6947 
   0.7241   0.7289 
   0.4694   0.0266 
   0.9668   0.7071 
   0.2581   0.5670 
   0.2515   0.2583 
   0.7269   0.9404 
   0.9900   0.5404 
   0.7123   0.1292 
   0.0739   0.1570 
   0.0858   0.6320 
   0.3253   0.4629 
   0.6834   0.1098 
   0.1255   0.5470 
   0.6485   0.7711 
   0.1111   0.2684 
   0.7437   0.8858 
   0.0775   0.9249 
   0.4260   0.5555 
   0.4437   0.9980 
   0.2986   0.9419 
   0.1910   0.0058 
   0.2835   0.9202 
   0.6124   0.6259 
   0.9305   0.3424 
   0.1052   0.6265 
   0.7293   0.0285 
   0.7221   0.0709 
   0.3441   0.3728 
   0.7584   0.0998 
   0.9027   0.3415 
   0.9989   0.2411 
   0.5447   0.6431 
   0.9453   0.8991 
   0.2987   0.1620 
   0.2954   0.5701 
   0.4280   0.1939 
   0.7097   0.4382 
   0.5024   0.9495 
   0.0866   0.5885 
   0.3048   0.5194 
   0.8088   0.8355 
   0.8541   0.5348 
   0.7419   0.2864 
   0.7502   0.9298 
   0.8537   0.0549 
   0.6646   0.7633 
   0.3870   0.7924 
   0.7967   0.5429 
   0.8175   0.8700 
   0.8713   0.6895 
   0.1742   0.4307 
   0.1615   0.2193 
   0.6471   0.4635 
   0.8132   0.9947 
   0.7576   0.7842 
   0.6501   0.3870 
   0.1880   0.9845 
   0.0435   0.1348 
   0.8392   0.4829 
   0.4661   0.3775 
   0.9135   0.6814 
   0.3567   0.7942 
   0.7450   0.5795 
   0.9963   0.5498 
   0.3435   0.2621 
   0.7430   0.0928 
   0.3006   0.8065 
   0.3787   0.0856 
   0.0646   0.7849 
   0.0960   0.6842 
   0.5950   0.4367 
   0.9344   0.6442 
   0.2413   0.2692 
   0.5673   0.5482 
   3.0818   3.7714 
   3.0312   3.7351 
   3.3836   3.5900 
   3.1382   3.1254 
   3.0015   3.7868 
   3.3839   3.7463 
   3.9459   3.8386 
   3.9646   3.5513 
   3.1505   3.4859 
   3.6809   3.4497 
   3.8797   3.4598 
   3.2074   3.0098 
   3.0922   3.4577 
   3.0214   3.5402 
   3.9865   3.8198 
   3.5490   3.2756 
   3.8367   3.5821 
   3.7380   3.9349 
   3.2725   3.6132 
   3.4914   3.1557 
   3.9458   3.0784 
   3.7899   3.4685 
   3.2546   3.2925 
   3.3424   3.9625 
   3.6623   3.0247 
   3.4849   3.1520 
   3.8092   3.4858 
   3.4194   3.8068 
   3.1277   3.7053 
   3.3294   3.8259 
   3.5054   3.3781 
   3.4971   3.9964 
   3.8482   3.3196 
   3.2786   3.5863 
   3.8276   3.1729 
   3.5681   3.8869 
   3.8507   3.5943 
   3.6560   3.8029 
   3.5711   3.3985 
   3.3985   3.7113 
   3.7703   3.6012 
   3.9452   3.3309 
   3.7645   3.9133 
   3.0585   3.4834 
   3.4804   3.5897 
   3.1426   3.2707 
   3.9545   3.2647 
   3.6554   3.4720 
   3.6592   3.3611 
   3.2758   3.3544 
   3.8833   3.0379 
   3.4260   3.8586 
   3.0253   3.5750 
   3.5772   3.7195 
   3.1380   3.1633 
   3.2615   3.0706 
   3.2286   3.0100 
   3.6385   3.7306 
   3.5435   3.2817 
   3.5862   3.6212 
   3.5723   3.4130 
   3.6022   3.5371 
   3.9878   3.9222 
   3.2061   3.1881 
   3.2162   3.3534 
   3.4490   3.3479 
   3.7562   3.7928 
   3.6624   3.0890 
   3.0164   3.7457 
   3.6080   3.4441 
   3.9112   3.6169 
   3.9663   3.5697 
   3.2364   3.3009 
   3.8416   3.0993 
   3.6984   3.2657 
   3.7467   3.5509 
   3.0859   3.7031 
   3.3783   3.2669 
   3.6317   3.0846 
   3.1661   3.9935 
   3.2390   3.7203 
   3.7047   3.7541 
   3.1704   3.2794 
   3.3682   3.5658 
   3.1734   3.8284 
   3.3128   3.6789 
   3.5514   3.5172 
   3.6497   3.3060 
   3.2791   3.2664 
   3.8597   3.4937 
   3.8407   3.1590 
   3.9765   3.0353 
   3.4677   3.2602 
   3.7661   3.0166 
   3.8825   3.2736 
   3.4508   3.6649 
   3.0574   3.9591 
   3.1260   3.1511 
   3.1331   3.5155 
   3.6817   3.8720 
