S\N           1                     2                      3                      4                      5                      5                      6                      6                      6                      6                      6                      6                      1                      2                      3                      4                      5                      2 
P   0.00000000000000000000 0.00000000000000000000 0.00000000000000000000 0.00000000000000000000 0.00000000000000000000 0.00000000000000000000 0.00000000000000000000 0.00000000000000000000 0.00000000000000000000 0.00000000000000000000 0.00000000000000000000 0.00000000000000000000 0.00000000000000000000 0.00000000000000000000 0.00000000000000000000 0.00000000000000000000 0.00000000000000000000 0.00000000000000000000 
N   0.00000000000000000000 0.00000000000000000000 0.00000000000000000000 0.00000000000000000000 0.00000000000000000000 0.00000000000000000000 0.00000000000000000000 0.00000000000000000000 0.00000000000000000000 0.00000000000000000000 0.00000000000000000000 0.00000000000000000000 0.00000000000000000000 0.00000000000000000000 0.00000000000000000000 0.00000000000000000000 0.00000000000000000000 0.00000000000000000000 

S\N           1                     2                      3                      4                      5                      5                      6                      6                      6                      6                      6                      6                      1                      2                      3                      4                      5                      2 
P   0.16600000000000000866 0.00000000000000000000 0.00000000000000000000 0.00000000000000000000 0.00000000000000000000 0.00000000000000000000 0.00000000000000000000 0.00000000000000000000 0.00000000000000000000 0.00000000000000000000 0.00000000000000000000 0.00000000000000000000 0.00000000000000000000 0.00000000000000000000 0.00000000000000000000 0.00000000000000000000 0.00000000000000000000 0.00000000000000000000 
N   0.10000000000000000555 0.00000000000000000000 0.00000000000000000000 0.00000000000000000000 0.00000000000000000000 0.00000000000000000000 0.00000000000000000000 0.00000000000000000000 0.00000000000000000000 0.00000000000000000000 0.00000000000000000000 0.00000000000000000000 0.00000000000000000000 0.00000000000000000000 0.00000000000000000000 0.00000000000000000000 0.00000000000000000000 0.00000000000000000000 

S\N           1                     2                      3                      4                      5                      5                      6                      6                      6                      6                      6                      6                      1                      2                      3                      4                      5                      2 
P   0.16600000000000000866 0.02480040000000000369 0.00370517976000000072 0.00055355385614400013 0.00008270094610791363 0.00001235552134852230 0.00000184591488946923 0.00000027577968448670 0.00000004120148486231 0.00000000615550183843 0.00000000131265058807 0.00000000052506023523 0.00000000021002409409 0.00000000003137759966 0.00000000000468781339 0.00000000000070035932 0.00000000000010463368 0.00000000000001563227 
N   0.10000000000000000555 0.00800000000000000190 0.00064000000000000027 0.00005120000000000002 0.00000553553856144000 0.00000082700946107914 0.00000061777606742612 0.00000024711042697045 0.00000009884417078818 0.00000003953766831527 0.00000001581506732611 0.00000000632602693044 0.00000000050608215444 0.00000000004048657235 0.00000000000323892579 0.00000000000025911406 0.00000000000002072913 0.00000000000000165833 
